Param	% Change in param	Fdiff	Pdiff	Adiff	Udiff
p0	-10.0	6.959284598641313E-4	0.0012570754032203597	-0.0019530038631393465	0.0
p0	-9.0	6.263356169339263E-4	0.0011313678598449915	-0.0017577034768252453	0.0
p0	-8.0	5.567427739999187E-4	0.0010056603164669414	-0.0015624030905113662	0.0
p0	-7.0	4.8714993106754867E-4	8.799527730929992E-4	-0.001367102704197487	0.0
p0	-6.0	4.175570881327362E-4	7.542452297170758E-4	-0.0011718023178834969	0.0
p0	-5.0	3.4796424520075475E-4	6.28537686341888E-4	-9.765019315696177E-4	0.0
p0	-4.0	2.783714022706607E-4	5.028301429655831E-4	-7.812015452556276E-4	0.0
p0	-3.0	2.0877855933432166E-4	3.771225995891428E-4	-5.859011589417484E-4	0.0
p0	-2.0	1.3918571640528232E-4	2.5141505621334437E-4	-3.906007726277583E-4	0.0
p0	-1.0	6.959287347024778E-5	1.2570751283659184E-4	-1.9530038631376812E-4	0.0
p0	0.0	0.0	0.0	0.0	0.0
p0	1.0	-8.007315838903795E-5	-1.1522722792516038E-4	1.9530038631387914E-4	0.0
p0	2.0	-1.601463167775763E-4	-2.3045445584952626E-4	3.906007726279803E-4	0.0
p0	3.0	-2.402194751661979E-4	-3.4568168377522787E-4	5.859011589417484E-4	0.0
p0	4.0	-3.2029263355537463E-4	-4.609089117003119E-4	7.812015452559606E-4	0.0
p0	5.0	-4.0036579194360766E-4	-5.761361396258123E-4	9.765019315698398E-4	0.0
p0	6.0	-4.804389503330342E-4	-6.913633675524021E-4	0.00117180231788383	0.0
p0	7.0	-5.605121087232379E-4	-8.065905954780447E-4	0.001367102704197709	0.0
p0	8.0	-6.405852671098333E-4	-9.218178234006343E-4	0.0015624030905114772	0.0
p0	9.0	-7.206584254994264E-4	-0.0010370450513276716	0.0017577034768254673	0.0
p0	10.0	-8.007315838871598E-4	-0.0011522722792529812	0.0019530038631393465	0.0
Kp	-10.0	0.03211580448803983	0.03953718886891257	-0.06606508068003436	-0.005587912676919368
Kp	-9.0	0.028904224039236454	0.03558346998202046	-0.0594585726120308	-0.005029121409227302
Kp	-8.0	0.025692643590432968	0.03162975109512918	-0.052852064544027466	-0.00447033014153541
Kp	-7.0	0.022481063141627927	0.027676032208238898	-0.04624555647602402	-0.003911538873843531
Kp	-6.0	0.019269482692821832	0.0237223133213476	-0.03963904840802057	-0.003352747606151729
Kp	-5.0	0.016057902244019845	0.019768594434455115	-0.033032540340017125	-0.0027939563384596286
Kp	-4.0	0.012846321795212029	0.015814875547565856	-0.026426032272013678	-0.0022351650707677292
Kp	-3.0	0.00963474134640993	0.01186115666067281	-0.01981952420401023	-0.0016763738030757883
Kp	-2.0	0.006423160897606778	0.007907437773783273	-0.013213016136006783	-0.0011175825353837918
Kp	-1.0	0.0032115804488030697	0.0039537188868915	-0.006606508068003447	-5.587912676919965E-4
Kp	0.0	0.0	0.0	0.0	0.0
Kp	1.0	-0.0032115804488060395	-0.0039537188868922525	0.006606508068003558	5.58791267691941E-4
Kp	2.0	-0.006423160897608637	-0.007907437773781575	0.013213016136006894	0.0011175825353837432
Kp	3.0	-0.009634741346415343	-0.011861156660673399	0.019819524204010563	0.001676373803075698
Kp	4.0	-0.012846321795217108	-0.01581487554756604	0.02642603227201379	0.002235165070767743
Kp	5.0	-0.016057902244022038	-0.01976859443445611	0.033032540340017236	0.002793956338459698
Kp	6.0	-0.019269482692828577	-0.023722313321346992	0.039639048408020794	0.0033527476061515973
Kp	7.0	-0.02248106314163087	-0.02767603220823834	0.04624555647602413	0.003911538873843504
Kp	8.0	-0.025692643590434827	-0.031629751095129915	0.05285206454402758	0.004470330141535438
Kp	9.0	-0.028904224039238813	-0.03558346998202089	0.059458572612031135	0.0050291214092272815
Kp	10.0	-0.03211580448804224	-0.03953718886891189	0.0660650806800347	0.005587912676919347
y0	-10.0	-0.001186496539428955	-0.001707397459176297	0.002893893998603514	0.0
y0	-9.0	-0.0010673927531032745	-0.0015360042056829955	0.002603396958784532	0.0
y0	-8.0	-9.483902282857448E-4	-0.001364756669969859	0.00231314689825457	0.0
y0	-7.0	-8.294888358929553E-4	-0.0011936546662835203	0.002023143502176583	0.0
y0	-6.0	-7.106884470625963E-4	-0.0010226980091860016	0.0017333864562482093	0.0
y0	-5.0	-5.919889331479355E-4	-8.518865135529116E-4	0.0014438754467006598	0.0
y0	-4.0	-4.733901657240358E-4	-6.812199945759531E-4	0.001154610160298386	0.0
y0	-3.0	-3.5489201657934455E-4	-5.106982677592041E-4	8.65590284336748E-4	0.0
y0	-2.0	-2.36494357724798E-4	-3.403211489191524E-4	5.768155066416814E-4	0.0
y0	-1.0	-1.1819706138330166E-4	-1.700884541848656E-4	2.88285515568365E-4	0.0
y0	0.0	0.0	0.0	0.0	0.0
y0	1.0	1.0772043435067213E-4	1.803209162979623E-4	-2.880413506527457E-4	0.0
y0	2.0	2.1554431943404673E-4	3.6029452700767767E-4	-5.758388464541797E-4	0.0
y0	3.0	3.2346588663398346E-4	5.39926910290929E-4	-8.633927969429189E-4	0.0
y0	4.0	4.3147956450495517E-4	7.192239466104824E-4	-0.0011507035111346653	0.0
y0	5.0	5.395799984460048E-4	8.98191299051148E-4	-0.0014377712975219836	0.0
y0	6.0	6.477620404911066E-4	0.0010768344235543431	-0.001724596464076411	0.0
y0	7.0	7.560207396267171E-4	0.0012551585785887838	-0.002011179318248568	0.0
y0	8.0	8.643513326528351E-4	0.001433168834276105	-0.0022975201669709344	0.0
y0	9.0	9.727492355940115E-4	0.00161087008101966	-0.0025836193166562937	0.0
y0	10.0	0.001081210035493746	0.001788267037656853	-0.0028694770732016206	0.0
alpha	-10.0	0.023590485453125448	-0.02359048545312604	0.0	0.0
alpha	-9.0	0.021231436907812123	-0.021231436907812127	0.0	0.0
alpha	-8.0	0.018872388362498133	-0.018872388362500235	0.0	0.0
alpha	-7.0	0.01651333981718714	-0.016513339817188007	1.1102230246251565E-16	0.0
alpha	-6.0	0.014154291271874703	-0.01415429127187614	1.1102230246251565E-16	0.0
alpha	-5.0	0.01179524272656099	-0.011795242726564069	1.1102230246251565E-16	0.0
alpha	-4.0	0.00943619418124983	-0.009436194181250702	0.0	0.0
alpha	-3.0	0.007077145635935866	-0.007077145635938097	0.0	0.0
alpha	-2.0	0.004718097090625234	-0.0047180970906251125	0.0	0.0
alpha	-1.0	0.002359048545314074	-0.0023590485453115553	0.0	0.0
alpha	0.0	0.0	0.0	0.0	0.0
alpha	1.0	-0.0023590485453144072	0.0023590485453118364	1.1102230246251565E-16	0.0
alpha	2.0	-0.00471809709062565	0.004718097090624932	1.1102230246251565E-16	0.0
alpha	3.0	-0.007077145635939142	0.0070771456359354536	0.0	0.0
alpha	4.0	-0.009436194181251523	0.00943619418124918	0.0	0.0
alpha	5.0	-0.01179524272656271	0.011795242726561132	0.0	0.0
alpha	6.0	-0.014154291271874675	0.014154291271874498	0.0	0.0
alpha	7.0	-0.016513339817186917	0.01651333981718713	0.0	0.0
alpha	8.0	-0.01887238836250149	0.01887238836249949	0.0	0.0
alpha	9.0	-0.02123143690781465	0.02123143690781126	0.0	0.0
alpha	10.0	-0.023590485453127363	0.023590485453124272	0.0	0.0
ry	-10.0	-5.828670879282072E-16	1.5230872119076366E-15	0.0	0.0
ry	-9.0	-8.326672684688674E-16	-1.4849232954361469E-15	0.0	0.0
ry	-8.0	-4.996003610813204E-16	-1.061650767297806E-15	0.0	0.0
ry	-7.0	6.661338147750939E-16	4.649058915617843E-16	0.0	0.0
ry	-6.0	-2.0261570199409107E-15	-1.2836953722228372E-15	0.0	0.0
ry	-5.0	-9.159339953157541E-16	5.724587470723463E-16	0.0	0.0
ry	-4.0	-1.5265566588595902E-15	-1.5751289161869408E-15	0.0	0.0
ry	-3.0	3.3306690738754696E-16	2.7755575615628914E-17	0.0	0.0
ry	-2.0	-9.159339953157541E-16	-8.500145032286355E-16	0.0	0.0
ry	-1.0	-4.163336342344337E-16	-6.349087922075114E-16	0.0	0.0
ry	0.0	0.0	0.0	0.0	0.0
ry	1.0	-1.1934897514720433E-15	-1.304512053934559E-15	0.0	0.0
ry	2.0	5.828670879282072E-16	-3.642919299551295E-16	0.0	0.0
ry	3.0	7.771561172376096E-16	-3.920475055707584E-16	0.0	0.0
ry	4.0	5.828670879282072E-16	-8.951173136040325E-16	0.0	0.0
ry	5.0	6.661338147750939E-16	7.7021722333370235E-16	0.0	0.0
ry	6.0	-1.6653345369377348E-16	-1.0928757898653885E-15	0.0	0.0
ry	7.0	-5.824853127944785E-6	5.824801881691016E-6	0.0	0.0
ry	8.0	-2.7412553395250727E-5	2.7412312185323695E-5	0.0	0.0
ry	9.0	-5.7001911718368437E-5	5.7001409870024305E-5	0.0	0.0
ry	10.0	-9.224613580760543E-5	9.224532338178784E-5	0.0	0.0
gamma	-10.0	0.0	0.0	0.0	0.0
gamma	-9.0	0.0	0.0	0.0	0.0
gamma	-8.0	0.0	0.0	0.0	0.0
gamma	-7.0	0.0	0.0	0.0	0.0
gamma	-6.0	0.0	0.0	0.0	0.0
gamma	-5.0	0.0	0.0	0.0	0.0
gamma	-4.0	0.0	0.0	0.0	0.0
gamma	-3.0	0.0	0.0	0.0	0.0
gamma	-2.0	0.0	0.0	0.0	0.0
gamma	-1.0	0.0	0.0	0.0	0.0
gamma	0.0	0.0	0.0	0.0	0.0
gamma	1.0	0.0	0.0	0.0	0.0
gamma	2.0	0.0	0.0	0.0	0.0
gamma	3.0	0.0	0.0	0.0	0.0
gamma	4.0	0.0	0.0	0.0	0.0
gamma	5.0	0.0	0.0	0.0	0.0
gamma	6.0	0.0	0.0	0.0	0.0
gamma	7.0	0.0	0.0	0.0	0.0
gamma	8.0	0.0	0.0	0.0	0.0
gamma	9.0	0.0	0.0	0.0	0.0
gamma	10.0	0.0	0.0	0.0	0.0
Kc	-10.0	0.02154734706737879	0.031007157975008474	-0.05255450504238868	0.0
Kc	-9.0	0.01939261236064102	0.027906442177508376	-0.047299054538149754	0.0
Kc	-8.0	0.01723787765390325	0.02480572638000741	-0.04204360403391094	0.0
Kc	-7.0	0.01508314294716498	0.021705010582506654	-0.03678815352967213	0.0
Kc	-6.0	0.012928408240426487	0.018604294785004933	-0.031532703025433206	0.0
Kc	-5.0	0.01077367353368977	0.015503578987504523	-0.026277252521194172	0.0
Kc	-4.0	0.008618938826951528	0.012402863190002156	-0.02102180201695547	0.0
Kc	-3.0	0.006464204120214034	0.009302147392502676	-0.01576635151271666	0.0
Kc	-2.0	0.004309469413476208	0.006201431595001694	-0.010510901008477846	0.0
Kc	-1.0	0.0021547347067371325	0.003100715797499695	-0.005255450504238812	0.0
Kc	0.0	0.0	0.0	0.0	0.0
Kc	1.0	-0.002154734706737854	-0.003100715797501045	0.005255450504238812	0.0
Kc	2.0	-0.004309469413476791	-0.006201431595001496	0.010510901008477846	0.0
Kc	3.0	-0.006464204120212869	-0.0093021473925023	0.01576635151271688	0.0
Kc	4.0	-0.008618938826952499	-0.01240286319000287	0.02102180201695547	0.0
Kc	5.0	-0.010773673533691713	-0.015503578987504854	0.026277252521194505	0.0
Kc	6.0	-0.012928408240426764	-0.018604294785006126	0.03153270302543332	0.0
Kc	7.0	-0.015083142947166311	-0.021705010582507307	0.03678815352967235	0.0
Kc	8.0	-0.017237877653903694	-0.024805726380008136	0.042043604033911164	0.0
Kc	9.0	-0.019392612360641576	-0.027906442177509656	0.047299054538149865	0.0
Kc	10.0	-0.021547347067381095	-0.031007157975008942	0.0525545050423889	0.0
rp	-10.0	-3.3159441496066755E-5	3.315915804772557E-5	0.0	-2.200323256928982E-14
rp	-9.0	-1.1900520850760543E-5	1.1900418893553977E-5	0.0	-1.5661083541118614E-14
rp	-8.0	-2.993588874011799E-8	2.9935639057898644E-8	0.0	-1.136590821460004E-14
rp	-7.0	5.412337245047638E-15	-6.245004513516506E-16	0.0	-7.847889005319075E-15
rp	-6.0	1.8596235662471372E-15	2.0816681711721685E-17	0.0	-5.6343818499726694E-15
rp	-5.0	1.1934897514720433E-15	1.0651202142497596E-15	0.0	-3.642919299551295E-15
rp	-4.0	1.0269562977782698E-15	3.642919299551295E-16	0.0	-2.3939183968479938E-15
rp	-3.0	-1.27675647831893E-15	1.016547956922409E-15	0.0	-1.7277845820728999E-15
rp	-2.0	-8.326672684688674E-16	-1.6167622796103842E-15	0.0	-6.800116025829084E-16
rp	-1.0	-1.6930901125533637E-15	-9.749145934989656E-16	0.0	-5.828670879282072E-16
rp	0.0	0.0	0.0	0.0	0.0
rp	1.0	-1.5265566588595902E-15	-2.0192181260370035E-15	0.0	3.0531133177191805E-16
rp	2.0	-1.942890293094024E-15	-7.979727989493313E-17	0.0	4.718447854656915E-16
rp	3.0	-8.326672684688674E-16	1.0130785099704553E-15	0.0	4.440892098500626E-16
rp	4.0	-1.942890293094024E-15	3.5388358909926865E-16	0.0	6.869504964868156E-16
rp	5.0	-2.192690473634684E-15	-1.1518563880486E-15	0.0	7.28583859910259E-16
rp	6.0	-2.192690473634684E-15	5.551115123125783E-17	0.0	7.355227538141662E-16
rp	7.0	-2.275957200481571E-15	3.0878077872387166E-16	0.0	8.257283745649602E-16
rp	8.0	-2.8033131371785203E-15	-1.7555401576885288E-15	0.0	6.869504964868156E-16
rp	9.0	-2.525757381022231E-15	-6.869504964868156E-16	0.0	7.7021722333370235E-16
rp	10.0	-2.9698465908722937E-15	-9.818534874028728E-16	0.0	7.28583859910259E-16
tIy	-10.0	-7.564875901941437E-4	7.564861858889507E-4	0.0	0.0
tIy	-9.0	-6.892082645603703E-4	6.892068538364229E-4	0.0	0.0
tIy	-8.0	-6.017983825129802E-4	6.017970216823758E-4	0.0	0.0
tIy	-7.0	-4.891159550173274E-4	4.891147286705706E-4	0.0	0.0
tIy	-6.0	-3.4694630102899415E-4	3.469453298290161E-4	0.0	0.0
tIy	-5.0	-1.7863271873241882E-4	1.7863215275227412E-4	0.0	0.0
tIy	-4.0	-2.1118895868310616E-5	2.1118818120863248E-5	0.0	0.0
tIy	-3.0	3.3306690738754696E-16	1.4953316362920077E-15	0.0	0.0
tIy	-2.0	-4.996003610813204E-16	-1.6653345369377348E-16	0.0	0.0
tIy	-1.0	-9.159339953157541E-16	-5.516420653606247E-16	0.0	0.0
tIy	0.0	0.0	0.0	0.0	0.0
tIy	1.0	-5.700221521495741E-5	5.7001604969065395E-5	0.0	0.0
tIy	2.0	-9.007606869786688E-4	9.007495105755325E-4	0.0	0.0
tIy	3.0	-0.0024639614406399835	0.0024639272728370007	0.0	0.0
tIy	4.0	-0.004666885103344898	0.0046668143037383834	0.0	0.0
tIy	5.0	-0.007504818678876285	0.007504695673161407	0.0	0.0
tIy	6.0	-0.010993718295104538	0.01099352501303327	0.0	0.0
tIy	7.0	-0.015148888149678047	0.015148603593788872	0.0	0.0
tIy	8.0	-0.0199677565742373	0.019967356574266636	0.0	0.0
tIy	9.0	-0.025422473772881815	0.025421930886856955	0.0	0.0
tIy	10.0	-0.0314599178012846	0.03145920130314614	0.0	0.0
zeta	-10.0	0.005029121409226456	-0.005029121409226862	0.0	0.0
zeta	-9.0	0.004526209268304049	-0.0045262092683044375	0.0	0.0
zeta	-8.0	0.0040232971273818086	-0.0040232971273818675	0.0	0.0
zeta	-7.0	0.003520384986458819	-0.003520384986458805	0.0	0.0
zeta	-6.0	0.003017472845535135	-0.003017472845536863	0.0	0.0
zeta	-5.0	0.002514560704613311	-0.002514560704613429	0.0	0.0
zeta	-4.0	0.0020116485636889614	-0.00201164856369113	0.0	0.0
zeta	-3.0	0.0015087364227678313	-0.0015087364227670437	0.0	0.0
zeta	-2.0	0.0010058242818453411	-0.0010058242818450913	0.0	0.0
zeta	-1.0	5.029121409202142E-4	-5.029121409226879E-4	0.0	0.0
zeta	0.0	0.0	0.0	0.0	0.0
zeta	1.0	-5.029121409234338E-4	5.029121409226393E-4	0.0	0.0
zeta	2.0	-0.0010058242818460073	0.001005824281846042	0.0	0.0
zeta	3.0	-0.0015087364227691635	0.0015087364227690109	0.0	0.0
zeta	4.0	-0.0020116485636916537	0.002011648563691501	0.0	0.0
zeta	5.0	-0.0025145607046133944	0.0025145607046143416	0.0	0.0
zeta	6.0	-0.003017472845538438	0.003017472845537071	0.0	0.0
zeta	7.0	-0.0035203849864603454	0.003520384986459152	0.0	0.0
zeta	8.0	-0.004023297127381892	0.004023297127382093	0.0	0.0
zeta	9.0	-0.004526209268304299	0.004526209268304927	0.0	0.0
zeta	10.0	-0.005029121409227899	0.0050291214092282495	0.0	0.0
s	-10.0	0.005029121409226456	5.587912676925759E-4	0.0	-0.005587912676919271
s	-9.0	0.004526209268304049	5.029121409226393E-4	0.0	-0.005029121409227552
s	-8.0	0.0040232971273818086	4.470330141531191E-4	0.0	-0.004470330141535465
s	-7.0	0.003520384986458819	3.9115388738473686E-4	0.0	-0.0039115388738436285
s	-6.0	0.003017472845535135	3.352747606162332E-4	0.0	-0.0033527476061514933
s	-5.0	0.002514560704613311	2.7939563384614396E-4	0.0	-0.002793956338459816
s	-4.0	0.0020116485636889614	2.2351650707779294E-4	0.0	-0.002235165070767875
s	-3.0	0.0015087364227678313	1.6763738030803332E-4	0.0	-0.001676373803075698
s	-2.0	0.0010058242818453411	1.1175825353863106E-4	0.0	-0.0011175825353838958
s	-1.0	5.029121409202142E-4	5.587912677010656E-5	0.0	-5.587912676919549E-4
s	0.0	0.0	0.0	0.0	0.0
s	1.0	-5.029121409234338E-4	-5.587912676892695E-5	0.0	5.587912676918438E-4
s	2.0	-0.0010058242818460073	-1.1175825353820432E-4	0.0	0.0011175825353839097
s	3.0	-0.0015087364227691635	-1.6763738030738107E-4	0.0	0.0016763738030757397
s	4.0	-0.0020116485636916537	-2.2351650707656476E-4	0.0	0.002235165070767778
s	5.0	-0.0025145607046133944	-2.793956338453703E-4	0.0	0.002793956338459358
s	6.0	-0.003017472845538438	-3.3527476061425907E-4	0.0	0.0033527476061515
s	7.0	-0.0035203849864603454	-3.9115388738403256E-4	0.0	0.003911538873843344
s	8.0	-0.004023297127381892	-4.470330141533724E-4	0.0	0.00447033014153516
s	9.0	-0.004526209268304299	-5.029121409226879E-4	0.0	0.005029121409227129
s	10.0	-0.005029121409227899	-5.587912676917502E-4	0.0	0.005587912676919084
tIp	-10.0	-0.014546634188979835	0.014546516358462606	0.0	-2.2121193765656244E-14
tIp	-9.0	-0.01229624148782879	0.01229613884820788	0.0	-1.572353358625378E-14
tIp	-8.0	-0.010102353688108995	0.010102266688042916	0.0	-1.131733595727269E-14
tIp	-7.0	-0.008013265227954314	0.00801319398995647	0.0	-7.889522368742519E-15
tIp	-6.0	-0.006074560194638229	0.006074504473891011	0.0	-5.6066262743570405E-15
tIp	-5.0	-0.004325161678695316	0.004325120829069901	0.0	-3.878841692284141E-15
tIp	-4.0	-0.0027975193758288663	0.0027974922971580884	0.0	-2.4494295480792516E-15
tIp	-3.0	-0.0015250767966482615	0.0015250618040178153	0.0	-1.6653345369377348E-15
tIp	-2.0	-5.592856304321436E-4	5.592801415128905E-4	0.0	-8.465450562766819E-16
tIp	-1.0	-1.80493975293905E-5	1.804922609162027E-5	0.0	-2.5673907444456745E-16
tIp	0.0	0.0	0.0	0.0	0.0
tIp	1.0	0.0	-7.979727989493313E-17	0.0	2.220446049250313E-16
tIp	2.0	-1.4432899320127035E-15	1.0547118733938987E-15	0.0	5.273559366969494E-16
tIp	3.0	-7.494005416219807E-16	-3.469446951953614E-16	0.0	5.342948306008566E-16
tIp	4.0	-3.219646771412954E-15	1.2281842209915794E-15	0.0	5.134781488891349E-16
tIp	5.0	-5.796678911013098E-5	5.7966465989291865E-5	0.0	5.898059818321144E-16
tIp	6.0	-2.0115058147407439E-4	2.0114947513174414E-4	0.0	7.563394355258879E-16
tIp	7.0	-3.429322742637686E-4	3.429303881404E-4	0.0	9.298117831235686E-16
tIp	8.0	-4.663627949183513E-4	4.6636021325525967E-4	0.0	8.881784197001252E-16
tIp	9.0	-5.692298880015656E-4	5.692267062109672E-4	0.0	9.853229343548264E-16
tIp	10.0	-6.533473487253805E-4	6.533436558809336E-4	0.0	9.159339953157541E-16
c0	-10.0	0.006235264474354629	0.009228315026377738	-0.01546357950078503	0.0
c0	-9.0	0.005611738029972724	0.008305483520686986	-0.013917221550706516	0.0
c0	-8.0	0.004988211585589042	0.00738265201499555	-0.01237086360062789	0.0
c0	-7.0	0.004364685141208635	0.006459820509303781	-0.010824505650549598	0.0
c0	-6.0	0.003741158696831254	0.005536989003610701	-0.009278147700470973	0.0
c0	-5.0	0.0031176322524478217	0.004614157497919932	-0.007731789750392459	0.0
c0	-4.0	0.0024941058080657497	0.0036913259922285446	-0.006185431800313945	0.0
c0	-3.0	0.0018705793636803192	0.002768494486537345	-0.004639073850235431	0.0
c0	-2.0	0.0012470529193006341	0.0018456629808445042	-0.003092715900156917	0.0
c0	-1.0	6.235264749226976E-4	9.228314751534954E-4	-0.001546357950078403	0.0
c0	0.0	0.0	0.0	0.0	0.0
c0	1.0	-6.340067595333454E-4	-9.123511905462338E-4	0.001546357950078514	0.0
c0	2.0	-0.0012680135190642483	-0.0018247023810903928	0.003092715900157139	0.0
c0	3.0	-0.0019020202785971774	-0.0027370535716387742	0.004639073850235542	0.0
c0	4.0	-0.0025360270381306893	-0.0036494047621853203	0.006185431800314056	0.0
c0	5.0	-0.003170033797661176	-0.004561755952731301	0.007731789750392681	0.0
c0	6.0	-0.0038040405571924396	-0.00547410714327894	0.009278147700471195	0.0
c0	7.0	-0.0044380473167259515	-0.0063864583338238586	0.01082450565054971	0.0
c0	8.0	-0.005072054076259075	-0.0072988095243704705	0.012370863600628113	0.0
c0	9.0	-0.005706060835789756	-0.008211160714917237	0.013917221550706627	0.0
c0	10.0	-0.006340067595322546	-0.009123511905462994	0.01546357950078514	0.0
rc	-10.0	2.169209256663862E-12	3.1231857378077876E-12	-5.293099292202896E-12	0.0
rc	-9.0	1.6043832928858137E-12	2.309371444075836E-12	-3.914424340223377E-12	0.0
rc	-8.0	1.1775580510686723E-12	1.6945160552506167E-12	-2.8731461654274426E-12	0.0
rc	-7.0	8.550937735662956E-13	1.231504481724599E-12	-2.0868862193879067E-12	0.0
rc	-6.0	6.120659534758488E-13	8.811007479181399E-13	-1.492916901213448E-12	0.0
rc	-5.0	4.2904568786639175E-13	6.153792753149645E-13	-1.0441647546599597E-12	0.0
rc	-4.0	2.8801960816338124E-13	4.159068922593434E-13	-7.054357098468245E-13	0.0
rc	-3.0	1.8204882046291004E-13	2.6379939899179305E-13	-4.4941828036826337E-13	0.0
rc	-2.0	1.0472178679776789E-13	1.5039358647328527E-13	-2.561284517810236E-13	0.0
rc	-1.0	4.596323321948148E-14	6.444150768558643E-14	-1.1035616864774056E-13	0.0
rc	0.0	0.0	0.0	0.0	0.0
rc	1.0	-3.497202527569243E-14	-5.082739784612045E-14	8.337774914934926E-14	0.0
rc	2.0	-6.11455330812305E-14	-8.628514569508638E-14	1.461053500406706E-13	0.0
rc	3.0	-7.982503547054876E-14	-1.1286804824095498E-13	1.936228954946273E-13	0.0
rc	4.0	-9.528489108845406E-14	-1.365609014758462E-13	2.297051437949449E-13	0.0
rc	5.0	-1.056932319443149E-13	-1.5111523143929162E-13	2.566835632933362E-13	0.0
rc	6.0	-1.151023720780131E-13	-1.6307094563572377E-13	2.772226892489016E-13	0.0
rc	7.0	-1.1937673072281996E-13	-1.7318438350066856E-13	2.9265478929119126E-13	0.0
rc	8.0	-1.2581602426564586E-13	-1.802342997070383E-13	3.042011087472929E-13	0.0
rc	9.0	-1.2864709297844001E-13	-1.852823450221308E-13	3.1319391524675666E-13	0.0
rc	10.0	-1.3128387266192476E-13	-1.886407696716219E-13	3.197442310920451E-13	0.0
beta	-10.0	0.0	0.0	0.0	0.0
beta	-9.0	0.0	0.0	0.0	0.0
beta	-8.0	0.0	0.0	0.0	0.0
beta	-7.0	0.0	0.0	0.0	0.0
beta	-6.0	0.0	0.0	0.0	0.0
beta	-5.0	0.0	0.0	0.0	0.0
beta	-4.0	0.0	0.0	0.0	0.0
beta	-3.0	0.0	0.0	0.0	0.0
beta	-2.0	0.0	0.0	0.0	0.0
beta	-1.0	0.0	0.0	0.0	0.0
beta	0.0	0.0	0.0	0.0	0.0
beta	1.0	0.0	0.0	0.0	0.0
beta	2.0	0.0	0.0	0.0	0.0
beta	3.0	0.0	0.0	0.0	0.0
beta	4.0	0.0	0.0	0.0	0.0
beta	5.0	0.0	0.0	0.0	0.0
beta	6.0	0.0	0.0	0.0	0.0
beta	7.0	0.0	0.0	0.0	0.0
beta	8.0	0.0	0.0	0.0	0.0
beta	9.0	0.0	0.0	0.0	0.0
beta	10.0	0.0	0.0	0.0	0.0
delta	-10.0	0.0	0.0	0.0	0.0
delta	-9.0	0.0	0.0	0.0	0.0
delta	-8.0	0.0	0.0	0.0	0.0
delta	-7.0	0.0	0.0	0.0	0.0
delta	-6.0	0.0	0.0	0.0	0.0
delta	-5.0	0.0	0.0	0.0	0.0
delta	-4.0	0.0	0.0	0.0	0.0
delta	-3.0	0.0	0.0	0.0	0.0
delta	-2.0	0.0	0.0	0.0	0.0
delta	-1.0	0.0	0.0	0.0	0.0
delta	0.0	0.0	0.0	0.0	0.0
delta	1.0	0.0	0.0	0.0	0.0
delta	2.0	0.0	0.0	0.0	0.0
delta	3.0	0.0	0.0	0.0	0.0
delta	4.0	0.0	0.0	0.0	0.0
delta	5.0	0.0	0.0	0.0	0.0
delta	6.0	0.0	0.0	0.0	0.0
delta	7.0	0.0	0.0	0.0	0.0
delta	8.0	0.0	0.0	0.0	0.0
delta	9.0	0.0	0.0	0.0	0.0
delta	10.0	0.0	0.0	0.0	0.0
tIc	-10.0	-5.519333928660497E-4	5.519280649141298E-4	2.8743674107545303E-13	0.0
tIc	-9.0	-4.036717220997632E-4	4.0366782175588894E-4	2.76445533131664E-13	0.0
tIc	-8.0	-2.658201755814382E-4	2.6581760862060336E-4	2.6334490144108713E-13	0.0
tIc	-7.0	-1.455532377911961E-4	1.455518356680112E-4	2.475797344914099E-13	0.0
tIc	-6.0	-5.20156699956309E-5	5.2015171210881284E-5	2.2881696537524476E-13	0.0
tIc	-5.0	-4.0971021700308974E-7	4.097061146283998E-7	2.0594637106796654E-13	0.0
tIc	-4.0	-7.308043059595093E-14	-1.0539485950644689E-13	1.7863488466218769E-13	0.0
tIc	-3.0	-5.94246873930615E-14	-8.766251613501197E-14	1.45328193923433E-13	0.0
tIc	-2.0	-4.41591208044656E-14	-6.376149608300352E-14	1.056932319443149E-13	0.0
tIc	-1.0	-2.450817326860033E-14	-3.3650165986998104E-14	5.773159728050814E-14	0.0
tIc	0.0	0.0	0.0	0.0	0.0
tIc	1.0	2.7949864644938316E-14	4.0793757261070596E-14	-6.94999613415348E-14	0.0
tIc	2.0	6.186717804723685E-14	9.026807079592913E-14	-1.5332179970073412E-13	0.0
tIc	3.0	1.0375034165122088E-13	1.4915152446448587E-13	-2.540190280342358E-13	0.0
tIc	4.0	1.5343282200319663E-13	2.21843377001818E-13	-3.7558844923069046E-13	0.0
tIc	5.0	2.123301534595612E-13	3.079481114554028E-13	-5.218048215738236E-13	0.0
tIc	6.0	2.8660407380698416E-13	4.1136538619923613E-13	-6.983302824892235E-13	0.0
tIc	7.0	3.725353359129713E-13	5.367234434672241E-13	-9.103828801926284E-13	0.0
tIc	8.0	4.781175455548237E-13	6.875368330216958E-13	-1.1658451981588769E-12	0.0
tIc	9.0	-1.4125380010276967E-5	1.412526800559713E-5	-1.4737100428874328E-12	0.0
tIc	10.0	-4.2732659489147506E-5	4.2732316587211494E-5	-1.8441914662048475E-12	0.0
Ky	-10.0	-0.029534245442930235	-0.04250049953982542	0.07203474498275364	0.0
Ky	-9.0	-0.026302266005930414	-0.037849602301215444	0.06415186830714426	0.0
Ky	-8.0	-0.02313732339750804	-0.03329517269397218	0.0564324960914786	0.0
Ky	-7.0	-0.020037353336843228	-0.028834240167650536	0.04887159350449166	0.0
Ky	-6.0	-0.017000375436513948	-0.024463954896444796	0.04146433033295682	0.0
Ky	-5.0	-0.014024488983521488	-0.02018158170799322	0.03420607069151427	0.0
Ky	-4.0	-0.011107868972393714	-0.015984494374906885	0.027092363347299586	0.0
Ky	-3.0	-0.008248762372948804	-0.011870170243998179	0.020118932616945195	0.0
Ky	-2.0	-0.005445484616703938	-0.007836185180134464	0.01328166979683676	0.0
Ky	-1.0	-0.0026964162871183917	-0.0038802088034114966	0.006576625090529364	0.0
Ky	0.0	0.0	0.0	0.0	0.0
Ky	1.0	0.0026452625385247897	0.003806597311536871	-0.006451859850062691	0.0
Ky	2.0	0.0052408133081996156	0.007541658175215078	-0.012782471483416158	0.0
Ky	3.0	0.0077880405957428955	0.011207180369483826	-0.018995220965227433	0.0
Ky	4.0	0.010288281470916455	0.01480508797034506	-0.02509336944126206	0.0
Ky	5.0	0.012742824126831226	0.01833723471909836	-0.031080058845927905	0.0
Ky	6.0	0.015152910093067767	0.02180540720709805	-0.03695831730016774	0.0
Ky	7.0	0.017519736329659225	0.025211327889022684	-0.04273106421868289	0.0
Ky	8.0	0.01984445720927938	0.028556657935306404	-0.048401115144588	0.0
Ky	9.0	0.02212818639460981	0.03184299993370773	-0.05397118632831854	0.0
Ky	10.0	0.024371998617237517	0.03507190044919624	-0.05944389906643488	0.0
epsilon	-10.0	0.0	0.0	0.0	0.0
epsilon	-9.0	0.0	0.0	0.0	0.0
epsilon	-8.0	0.0	0.0	0.0	0.0
epsilon	-7.0	0.0	0.0	0.0	0.0
epsilon	-6.0	0.0	0.0	0.0	0.0
epsilon	-5.0	0.0	0.0	0.0	0.0
epsilon	-4.0	0.0	0.0	0.0	0.0
epsilon	-3.0	0.0	0.0	0.0	0.0
epsilon	-2.0	0.0	0.0	0.0	0.0
epsilon	-1.0	0.0	0.0	0.0	0.0
epsilon	0.0	0.0	0.0	0.0	0.0
epsilon	1.0	0.0	0.0	0.0	0.0
epsilon	2.0	0.0	0.0	0.0	0.0
epsilon	3.0	0.0	0.0	0.0	0.0
epsilon	4.0	0.0	0.0	0.0	0.0
epsilon	5.0	0.0	0.0	0.0	0.0
epsilon	6.0	0.0	0.0	0.0	0.0
epsilon	7.0	0.0	0.0	0.0	0.0
epsilon	8.0	0.0	0.0	0.0	0.0
epsilon	9.0	0.0	0.0	0.0	0.0
epsilon	10.0	0.0	0.0	0.0	0.0
